0.0437589 0.9562411 
0.1720127 0.7671158 0.0608715 
0.1720127 0.7487192 0.0792681 
0.1062885 0.8937115 
0.1474424 0.7789492 0.0736084 
0.0378288 0.9621712 
0.1222279 0.7979938 0.0797784 
0.0500900 0.9499100 
0.0291345 0.3162563 0.6546092 


0.3333333 0.3333333 0.3333333 
0.1137904 0.8862096 
0.0011457 0.9988543 
0.0255448 0.1443445 0.8301107 

0.0397093 0.9602907 
0.9693038 0.0102173 0.0102381 0.0102407 

0.9982744 0.0013407 0.0003849 
0.1301441 0.8596027 0.0102532 
0.0500850 0.8998301 0.0500850 

0.1225468 0.8774532 
0.9219044 0.0293044 0.0487912 
0.9444113 0.0210729 0.0149465 0.0195694 

0.0500850 0.8998301 0.0500850 
0.0500800 0.0561557 0.8376086 0.0561557 
0.9724076 0.0093534 0.0091397 0.0090993 
0.9995617 0.0001219 0.0001568 0.0001597 
0.9613584 0.0101470 0.0141182 0.0143765 
0.0275688 0.0282743 0.9441569 
0.3043273 0.6956727 
0.0031127 0.3080543 0.6888331 
0.0097620 0.4825692 0.5076688 

0.0546692 0.9453308 
0.2508465 0.6865402 0.0626133 
0.2508465 0.6675126 0.0816409 
0.2000600 0.7999400 
0.2341821 0.6896845 0.0761334 
0.0500900 0.9499100 
0.2484111 0.7111062 0.0404827 
0.0500900 0.9499100 
0.0373731 0.1606313 0.8019955 
0.0534537 0.1655195 0.7810268 
0.1000800 0.8999200 
0.0534537 0.1655195 0.7810268 
0.1000800 0.8999200 
0.0100980 0.9899020 
0.3068746 0.3960430 0.2970825 
0.3953777 0.0331199 0.5383826 0.0331199 
0.0682313 0.9317687 
0.4144400 0.0509390 0.5176037 0.0170173 
0.0131074 0.9868926 



0.0021150 0.9978850 
0.1618091 0.8381909 
0.8476377 0.0395098 0.1128525 

0.1000800 0.8999200 
0.0500850 0.8998301 0.0500850 


0.4014956 0.0243588 0.5669142 0.0072313 

0.0400880 0.9198241 0.0400880 
0.0629312 0.9370688 
0.0126135 0.1410319 0.8463546 
0.1188566 0.4233410 0.4578024 
0.3172380 0.3406849 0.3420771 
0.1170263 0.8829737 
0.7270062 0.2022132 0.0707806 
0.7270062 0.1802264 0.0927674 
0.7661514 0.2338486 
0.7579819 0.1540445 0.0879737 
0.1201682 0.8798318 

0.0500900 0.9499100 
0.0247342 0.0305829 0.9446830 
0.0102090 0.0110961 0.9786949 


0.1021517 0.8978483 
0.0099872 0.9900128 
0.3033911 0.3915473 0.3050616 
0.3356774 0.0100960 0.6441307 0.0100960 

0.4764088 0.1498090 0.1329506 0.2408316 
0.0062407 0.9937593 

0.7893026 0.2006230 0.0100744 
0.0496813 0.8926641 0.0576547 
0.0100960 0.9899040 
0.3414783 0.6585217 
0.6760234 0.2888910 0.0350856 
0.1363599 0.1698278 0.3810508 0.3127615 
0.0729316 0.9270684 
0.0370641 0.8952558 0.0676801 
0.0364949 0.0410279 0.8441225 0.0783547 
0.1072051 0.0421753 0.7633465 0.0872731 
0.3392830 0.0058956 0.3636630 0.2911584 
0.0002754 0.0018122 0.4523912 0.5455212 


0.0001155 0.0010304 0.9988541 
0.3007880 0.6891140 0.0100980 
0.5309027 0.2875421 0.1815553 
0.0546692 0.9453308 
0.2508465 0.6865402 0.0626133 
0.2508465 0.6675126 0.0816409 
0.2000600 0.7999400 
0.2341821 0.6896845 0.0761334 
0.0500900 0.9499100 
0.2484111 0.7111062 0.0404827 
0.0158894 0.9841106 


0.7859311 0.2140689 
0.2641385 0.2641385 0.4717230 
0.1069113 0.8930887 
0.0096226 0.9903774 
0.2919091 0.3732617 0.3348292 
0.3675509 0.2560200 0.3549371 0.0214920 
0.0286035 0.9713965 
0.6762425 0.3035656 0.0100960 0.0100960 
0.0066252 0.9933748 
0.0636401 0.5296860 0.4066740 

0.0433760 0.7807462 0.1758778 
0.1677741 0.8322259 


0.6709629 0.0192657 0.1745373 0.1352342 

0.0500850 0.8998301 0.0500850 
0.0500800 0.0561557 0.8376086 0.0561557 
0.6886784 0.0097608 0.1715896 0.1299712 
0.3724979 0.0133901 0.3504794 0.2636327 
0.0621081 0.0104403 0.5307032 0.3967485 
0.3851074 0.5391495 0.0757431 
0.0120360 0.9879640 

0.0821228 0.3851385 0.5327388 
0.2676804 0.3410289 0.3912907 
0.5366205 0.4633795 
0.0100970 0.2900130 0.6998900 
0.0100970 0.0400880 0.9498151 
0.0464673 0.9535327 

0.5917166 0.4082834 
0.5191815 0.4682436 0.0125750 
0.0500900 0.9499100 
0.0537867 0.1683291 0.7778842 
0.0684097 0.1730514 0.7585388 
0.1000800 0.8999200 
0.0684097 0.1730514 0.7585388 
0.1021142 0.8978858 
0.0207312 0.9792688 
0.6397646 0.2256671 0.1345683 
0.0100960 0.0593529 0.9112808 0.0192703 
0.0005903 0.9994097 

0.0502729 0.9497271 
0.0607450 0.8909371 0.0483178 
0.1557390 0.0137450 0.8305160 
0.0500850 0.8998301 0.0500850 

0.9497213 0.0502787 

0.0122066 0.0109003 0.9655707 0.0113224 
0.0028309 0.9971691 
0.0020033 0.9959933 0.0020033 
0.0014166 0.0015884 0.9954065 0.0015884 
0.0021995 0.0008627 0.9960752 0.0008627 

0.0018280 0.0018279 0.9854775 0.0108666 
0.0513298 0.9391097 0.0095604 

0.0297518 0.1496630 0.8205852 
0.3671996 0.4691301 0.1636703 

0.0100980 0.9899020 
0.2535987 0.7072744 0.0391269 
0.2535987 0.6967563 0.0496450 
0.2000600 0.7999400 
0.2360850 0.7218301 0.0420850 

0.2300850 0.7278301 0.0420850 
0.0500900 0.9499100 
0.5230723 0.4199575 0.0569702 

0.3965162 0.6034838 
0.6237419 0.2275934 0.1486647 
0.0894658 0.9105342 
0.0002574 0.9997426 

0.9685831 0.0101030 0.0101031 0.0112108 

0.9687288 0.0104430 0.0105930 0.0102351 
0.0500900 0.9499100 
0.9998001 0.0001000 0.0001000 
0.1112868 0.8786046 0.0101086 


0.1042092 0.8957908 
0.9855548 0.0053930 0.0090522 
0.1977880 0.2396529 0.2004663 0.3620929 
0.1069790 0.8930210 
0.0501263 0.8997909 0.0500828 
0.0535322 0.0560016 0.8345177 0.0559485 
0.1600588 0.0579151 0.7241751 0.0578510 
0.9988234 0.0002436 0.0007650 0.0001679 

0.0061954 0.0063595 0.9874452 
0.9647169 0.0352831 
0.5195826 0.4303209 0.0500965 
0.6044416 0.3416132 0.0539452 
0.6291226 0.3179983 0.0528791 
0.0152727 0.9847273 
0.0400880 0.9498151 0.0100970 

0.0033646 0.9966354 

0.0058155 0.9941845 
0.0554839 0.8947750 0.0497412 

0.0310731 0.3239373 0.6449896 
0.0613233 0.3248777 0.6137990 
0.1000800 0.8999200 
0.0613233 0.3248777 0.6137990 

0.0003432 0.9996568 


0.0188290 0.9811710 
0.9685210 0.0106037 0.0102121 0.0106632 
0.0500900 0.9499100 
0.9797361 0.0099088 0.0103551 
0.1242319 0.8646715 0.0110966 
0.0496812 0.8926626 0.0576562 
0.0100980 0.9899020 
0.1034968 0.8965032 
0.9866951 0.0044948 0.0088101 
0.1237078 0.1407435 0.2166495 0.5188992 
0.1097102 0.8902898 
0.0090045 0.1617761 0.8292194 

0.1166709 0.0102534 0.0100178 0.8630579 
0.9985982 0.0003935 0.0001279 0.0008804 
0.9683671 0.0109028 0.0102514 0.0104787 
0.0197277 0.0202610 0.9600113 
0.2884456 0.7115544 
0.0216313 0.3236438 0.6547248 
0.0663918 0.4785752 0.4550330 
0.0883052 0.1427005 0.7689943 
0.1038235 0.8961765 
0.6259465 0.3049852 0.0690683 
0.6259465 0.2836188 0.0904347 
0.6460073 0.3539927 
0.6468121 0.2676965 0.0854913 
0.1053306 0.8946694 
0.8405784 0.1525976 0.0068241 

0.3924250 0.4144873 0.1930877 
0.1260442 0.2806931 0.5932627 
0.1000800 0.8999200 
0.1260442 0.2806931 0.5932627 

0.0101930 0.9898070 
0.3098652 0.4005511 0.2895837 
0.4900305 0.4084803 0.0694212 0.0320679 
0.0400920 0.9599080 
0.7364121 0.2433960 0.0100960 0.0100960 
0.0015804 0.9984196 

0.9267479 0.0627687 0.0104834 

0.1400885 0.8599115 
0.8182531 0.1817469 

0.9697121 0.0100960 0.0100960 0.0100960 
0.6496672 0.3503328 
0.0500850 0.8998301 0.0500850 
0.3250931 0.0398980 0.5951109 0.0398980 

0.5001318 0.0154472 0.0253318 0.4590892 
0.0104666 0.0211314 0.0413166 0.9270854 
0.8218782 0.1224318 0.0556900 
0.0847452 0.9152548 
0.0957963 0.2730118 0.6311919 

0.9566463 0.0332567 0.0100970 
0.0100980 0.9899020 

0.0400880 0.9498151 0.0100970 
0.0027984 0.9972016 


0.0526028 0.8974241 0.0499731 
0.0500900 0.9499100 
0.0251660 0.0343916 0.9404424 

0.0407103 0.9592897 
0.0233694 0.0243213 0.9523093 

0.0100942 0.9899058 
0.3067550 0.3958886 0.2973564 
0.5645517 0.4152564 0.0100960 0.0100960 
0.0374143 0.9625857 
0.6091253 0.0708688 0.0468529 0.2731530 
0.0501161 0.9498839 
0.3555107 0.0563903 0.5880990 
0.5113584 0.4532772 0.0353643 
0.0500850 0.8998301 0.0500850 

0.1781926 0.8218074 
0.8721220 0.0940216 0.0338564 
0.1730632 0.2095437 0.2205539 0.3968391 
0.0942304 0.9057696 
0.0475172 0.8732601 0.0792226 
0.0471529 0.0528731 0.8084460 0.0915281 
0.1394077 0.0546780 0.7045338 0.1013805 
0.5777890 0.0206460 0.0710374 0.3305275 
0.2922907 0.0254627 0.0532808 0.6289659 

0.0011688 0.9988312 
0.0005460 0.0051320 0.9943220 
0.0261648 0.3087392 0.6650960 
0.2110332 0.3696060 0.4193608 
0.4326827 0.5673173 
0.0100970 0.2900130 0.6998900 
0.0100970 0.0400880 0.9498151 
0.0265324 0.9734676 

0.4749093 0.5250907 
0.2870440 0.6828695 0.0300865 

0.0493475 0.6939952 0.2566573 
0.3333333 0.3333333 0.3333333 

0.3333333 0.3333333 0.3333333 

0.0322414 0.9677586 

0.7334745 0.0374669 0.1551619 0.0738967 
0.0400920 0.9599080 
0.8285047 0.1195467 0.0331428 0.0188058 
0.0500900 0.9499100 
0.8077330 0.1557658 0.0365012 

0.0496268 0.8916968 0.0586765 
0.0114588 0.9885412 

0.7464928 0.2294730 0.0240342 
0.1784034 0.1917272 0.3123455 0.3175239 
0.1000800 0.8999200 
0.0500850 0.8998301 0.0500850 
0.0500800 0.0561557 0.8376086 0.0561557 
0.1493823 0.0585908 0.7334361 0.0585908 
0.7538207 0.0410360 0.1813654 0.0237779 
0.7335053 0.0661035 0.1689552 0.0314360 
0.0431337 0.1663142 0.7905520 
0.7597195 0.2402805 
0.0404766 0.7052612 0.2542621 
0.2741421 0.5703768 0.1554810 
0.8741107 0.1018033 0.0240861 
0.6208333 0.3791667 

0.1039858 0.0706789 0.8253354 
0.1675107 0.8324893 
0.0988385 0.0336265 0.8675351 
0.6863567 0.3136433 
0.9053695 0.0935419 0.0010886 
0.0500900 0.9499100 
0.0296262 0.9602768 0.0100970 
0.0100970 0.9798061 0.0100970 

0.0100970 0.9798061 0.0100970 
0.0740558 0.9259442 
0.0120882 0.9879118 
0.3695292 0.4932747 0.1371961 
0.8927849 0.0144859 0.0130605 0.0796687 
0.0409955 0.9590045 
0.8958399 0.0437641 0.0135242 0.0468719 

0.9841060 0.0082035 0.0076905 
0.1537952 0.8333653 0.0128395 
0.0100970 0.1900430 0.7998600 

0.1408413 0.8591587 
0.9398279 0.0110447 0.0491275 
0.1592262 0.1336897 0.1918709 0.5152132 
0.1022843 0.8977157 

0.0511830 0.0103183 0.0101140 0.9283847 
0.1527488 0.0192386 0.0187976 0.8092150 
0.9198354 0.0338987 0.0037659 0.0425000 
0.9082169 0.0799645 0.0050937 0.0067250 
0.0071871 0.0063850 0.9864279 
0.9566205 0.0433795 


0.9688337 0.0210694 0.0100970 
0.0100980 0.9899020 
0.3393759 0.6242907 0.0363334 
0.3393759 0.6147847 0.0458394 
0.3013327 0.6986673 
0.3302404 0.6317243 0.0380353 

0.3562096 0.6422655 0.0015249 
0.0500900 0.9499100 
0.0263483 0.1755407 0.7981109 
0.0433093 0.1792870 0.7774038 
0.1000800 0.8999200 
0.0433093 0.1792870 0.7774038 
0.1275731 0.8724269 
0.0004009 0.9995991 
0.0018280 0.0074357 0.9907363 
0.9153228 0.0118935 0.0134901 0.0592936 

0.9177402 0.0240584 0.0442254 0.0139760 
0.0545499 0.9454501 

0.1125516 0.8773520 0.0100964 

0.0021498 0.9978502 
0.1056549 0.8943451 
0.9417434 0.0093473 0.0489094 
0.1895633 0.2335497 0.2072704 0.3696166 
0.1024805 0.8975195 
0.0511088 0.8989592 0.0499319 
0.0512812 0.0573223 0.8355090 0.0558875 
0.1530675 0.0598183 0.7290294 0.0580847 
0.9433218 0.0145228 0.0378936 0.0042618 
0.9335391 0.0609144 0.0036559 0.0018906 
0.0168352 0.0185015 0.9646633 

0.0009887 0.1568084 0.8422029 


0.0100980 0.9899020 
0.0400880 0.9498151 0.0100970 
0.0400880 0.9498151 0.0100970 
0.0008164 0.9991836 


0.0132678 0.9354435 0.0512887 
0.0500900 0.9499100 
0.0337451 0.7897156 0.1765393 
0.0470474 0.7552703 0.1976823 
0.1000800 0.8999200 
0.0470474 0.7552703 0.1976823 
0.1006227 0.8993773 
0.0028043 0.9971957 
0.0793004 0.7984589 0.1222406 
0.9568717 0.0103300 0.0103376 0.0224607 
0.0400965 0.9599035 
0.9572318 0.0203169 0.0112528 0.0111985 


0.1290063 0.8608971 0.0100966 
0.0500850 0.8998301 0.0500850 

0.1226236 0.8773764 
0.9196395 0.0295176 0.0508429 
0.9424873 0.0217139 0.0151553 0.0206435 
0.1000800 0.8999200 
0.0500850 0.8998301 0.0500850 

0.9704060 0.0100660 0.0097786 0.0097493 
0.9866192 0.0109896 0.0012239 0.0011673 
0.9771086 0.0224547 0.0002185 0.0002182 
0.0109118 0.0108930 0.9781952 
0.8525949 0.1474051 
0.0052723 0.8168397 0.1778880 
0.0074118 0.8320021 0.1605861 

0.0143582 0.9856418 



0.0528844 0.9461407 0.0009748 
0.0047877 0.9952123 
0.0333159 0.8151417 0.1515424 
0.0500900 0.9499100 
0.3310007 0.3607361 0.3082632 

0.5469563 0.4530437 
0.4848187 0.2621372 0.2530441 
0.1241461 0.8758539 
0.0322414 0.9677586 

0.9437777 0.0132550 0.0301095 0.0128578 
0.0240931 0.9759069 

0.0500909 0.9499091 
0.9399596 0.0376855 0.0223548 
0.1412508 0.8288972 0.0298520 
0.0496812 0.8926623 0.0576566 
0.0100985 0.9899015 
0.1260764 0.8739236 
0.9578627 0.0314599 0.0106774 
0.1951323 0.2313621 0.2143801 0.3591255 
0.1060786 0.8939214 
0.0505158 0.8995358 0.0499484 
0.0530817 0.0564999 0.8346102 0.0558082 
0.1586564 0.0585775 0.7250243 0.0577418 
0.9729741 0.0019534 0.0226891 0.0023833 
0.9251212 0.0120063 0.0407828 0.0220896 
0.0410151 0.0591162 0.8998687 
0.7596552 0.2403448 
0.3188557 0.3624742 0.3186701 
0.2981283 0.2334243 0.4684475 

0.4109192 0.5890808 
0.0100970 0.2900130 0.6998900 
0.0100970 0.0400880 0.9498151 
0.0222668 0.9777332 

0.4504510 0.5495490 
0.2375788 0.7309958 0.0314253 
0.0500900 0.9499100 
0.0246533 0.0313643 0.9439823 

0.0145628 0.9854372 

0.1034166 0.8965834 
0.0088125 0.9911875 
0.2671585 0.6124813 0.1203602 
0.4455297 0.0323658 0.5078493 0.0142552 
0.0388204 0.9611796 
0.4734513 0.0600595 0.4450794 0.0214098 
0.0499977 0.9500023 
0.0570563 0.9043596 0.0385841 
0.7956986 0.0668418 0.1374596 
0.0496811 0.8926620 0.0576568 
0.0100988 0.9899012 
0.1453622 0.8546378 
0.9102686 0.0559226 0.0338088 
0.1361568 0.7277251 0.0942209 0.0418971 


0.0493022 0.9152882 0.0234588 0.0119509 
0.0563091 0.8736612 0.0467649 0.0232648 
0.4537582 0.0395300 0.4944928 0.0122190 

0.0425195 0.9495469 0.0079336 
0.0052972 0.9947028 
0.0000265 0.0018682 0.9981053 
0.0094563 0.4614644 0.5290793 

0.0546692 0.9453308 
0.2508465 0.6865402 0.0626133 
0.2508465 0.6675126 0.0816409 
0.2000600 0.7999400 
0.2341821 0.6896845 0.0761334 
0.0500900 0.9499100 
0.2484111 0.7111062 0.0404827 
0.2759539 0.7240461 

0.5988616 0.3447114 0.0564270 
0.1000800 0.8999200 
0.5988616 0.3447114 0.0564270 
0.0698677 0.9301323 
0.0124103 0.9875897 
0.3796679 0.5090412 0.1112909 
0.5940558 0.0101514 0.0103009 0.3854918 

0.8248844 0.1549236 0.0100960 0.0100960 


0.0198882 0.9700112 0.0101005 
0.0100970 0.1900430 0.7998600 

0.0100976 0.9899024 

0.1562593 0.0268000 0.0784946 0.7384461 
0.1019847 0.8980153 
0.0509718 0.8993740 0.0496542 
0.0510331 0.0571750 0.8362234 0.0555685 
0.1523144 0.0596811 0.7302643 0.0577402 
0.6085348 0.3910303 0.0002206 0.0002142 
0.6070231 0.3929521 0.0000190 0.0000059 
0.0001454 0.0005367 0.9993178 

0.6376077 0.3463717 0.0160206 
0.6995447 0.2688085 0.0316468 
0.7988273 0.1505617 0.0506111 
0.0100980 0.9899020 
0.1681501 0.7899402 0.0419096 
0.1681501 0.7784139 0.0534360 
0.0991752 0.9008248 
0.1422903 0.8115906 0.0461192 

0.1054529 0.8342986 0.0602485 
0.0500900 0.9499100 
0.0256542 0.0842932 0.8900525 
0.0431237 0.0937213 0.8631549 
0.1000800 0.8999200 
0.0431237 0.0937213 0.8631549 
0.1010103 0.8989897 
0.0017931 0.9982069 
0.0463152 0.3203557 0.6333291 
0.0124585 0.0100960 0.9673496 0.0100960 
0.0019823 0.9980177 
0.0124585 0.0865750 0.8200263 0.0809403 


0.9225024 0.0100865 0.0674111 
0.0496816 0.8926696 0.0576489 
0.0100882 0.9899118 
0.0591158 0.9408842 

0.0175272 0.0728859 0.3321259 0.5774610 
0.0082873 0.9917127 
0.0506848 0.9019884 0.0473267 
0.0041470 0.0596289 0.8806895 0.0555347 
0.0073860 0.0693215 0.8589174 0.0643750 
0.0024619 0.0796975 0.8440149 0.0738257 


0.0093933 0.9906067 
0.0007761 0.0587570 0.9404670 
0.0030883 0.2850172 0.7118944 

0.0100980 0.9899020 
0.9311413 0.0517969 0.0170618 
0.9311413 0.0492735 0.0195853 

0.9798061 0.0100970 0.0100970 


0.0500900 0.9499100 
0.0504089 0.4417308 0.5078603 
0.1403813 0.2272877 0.6323310 
0.3872151 0.6127849 

0.0698626 0.9301374 
0.0124103 0.9875897 
0.3796677 0.5090412 0.1112912 
0.1246148 0.0102176 0.0105360 0.8546316 
0.2324612 0.7675388 
0.1442775 0.3856037 0.4228302 0.0472887 
0.0500900 0.9499100 
0.9518181 0.0385859 0.0095960 
0.1464510 0.8395545 0.0139945 
0.0500850 0.8998301 0.0500850 

0.1040328 0.8959672 
0.4573417 0.0345421 0.5081162 
0.0577019 0.1166657 0.2389024 0.5867301 
0.0301778 0.9698222 
0.0536147 0.8959848 0.0504005 
0.0151010 0.0624799 0.8638580 0.0585612 
0.0410587 0.0711332 0.8214096 0.0663986 
0.1193382 0.4087737 0.4328716 0.0390165 

0.0001440 0.0005207 0.9993353 

0.0246760 0.4433312 0.5319927 
0.0465820 0.5816910 0.3717271 
0.3467259 0.4317886 0.2214855 
0.1124402 0.8875598 


0.6177557 0.3822443 
0.7332136 0.0911386 0.1756478 
0.1150142 0.8849858 
0.6450064 0.3330075 0.0219861 
0.0500900 0.9499100 
0.0296262 0.9602768 0.0100970 
0.0100970 0.9798061 0.0100970 

0.0100970 0.9798061 0.0100970 
0.0952951 0.9047049 
0.0108557 0.9891443 
0.3307115 0.4268062 0.2424823 
0.0276688 0.0100960 0.9521393 0.0100960 
0.0359637 0.9640363 

0.0496704 0.9503296 
0.0923712 0.8587276 0.0489012 
0.2771212 0.0578955 0.6649833 

0.1385329 0.8614671 
0.7579884 0.2420116 
0.0791383 0.9123328 0.0085289 
0.0207695 0.0273282 0.8845370 0.0673654 
0.0079371 0.9920629 
0.0091257 0.9789869 0.0118875 
0.0039717 0.0099128 0.9728356 0.0132799 
0.0095130 0.0103270 0.9657649 0.0143951 
0.0183124 0.0599585 0.9114498 0.0102794 
0.0094734 0.0299076 0.9471789 0.0134401 

0.2797175 0.7202825 

0.6262083 0.3430340 0.0307577 
0.7351749 0.1727013 0.0921238 
0.0453954 0.9546046 
0.8466661 0.1411231 0.0122108 

0.7415320 0.2584680 
0.8867165 0.1102190 0.0030645 
0.0396679 0.9603321 
0.7199480 0.2597617 0.0202902 
0.0500900 0.9499100 
0.0296262 0.9602768 0.0100970 
0.0424465 0.9151071 0.0424465 
0.1000800 0.8999200 
0.0424465 0.9151071 0.0424465 
0.0989629 0.9010371 
0.0322414 0.9677586 


0.0178363 0.9821637 

0.0497181 0.9502819 
0.3464358 0.2643296 0.3892346 
0.5264875 0.4247193 0.0487932 
0.0496764 0.8925771 0.0577465 
0.0102185 0.9897815 
0.0930950 0.9069050 
0.4275560 0.0117992 0.5606448 
0.0265973 0.1089116 0.3280812 0.5364099 
0.0013776 0.9986224 
0.0012848 0.9974304 0.0012848 
0.0006894 0.0007730 0.9977646 0.0007730 

0.1043904 0.0037851 0.8401827 0.0516418 
0.0561115 0.2649098 0.2746790 0.4042997 

0.1038546 0.8961454 

0.6944357 0.2764003 0.0291641 
0.9599804 0.0272986 0.0127210 
0.3859317 0.6140683 
0.0398718 0.3390537 0.6210746 

0.0479935 0.9520065 
0.0289626 0.0852970 0.8857404 
0.4223696 0.5776304 
0.2822661 0.6863617 0.0313722 

0.3985604 0.5827658 0.0186738 
0.0302406 0.9339282 0.0358312 
0.0606152 0.9393848 

0.0763352 0.9236648 
0.0119020 0.9880980 
0.3636671 0.4840976 0.1522353 
0.8514685 0.0196298 0.0244341 0.1044675 

0.8526251 0.0336690 0.0877111 0.0259948 

0.8892023 0.0985460 0.0122517 

0.0496987 0.8929728 0.0573286 
0.0096610 0.9903390 

0.9086481 0.0026093 0.0887426 
0.1795703 0.2267592 0.2129981 0.3806724 
0.0965027 0.9034973 
0.0501194 0.8998729 0.0500077 
0.0482899 0.0563040 0.8392383 0.0561678 
0.1438471 0.0590241 0.7382693 0.0588595 
0.8767803 0.0237023 0.0828026 0.0167148 
0.8382884 0.1117595 0.0291302 0.0208219 
0.0206116 0.0278659 0.9515226 
0.9136774 0.0863226 
0.0026524 0.9677636 0.0295840 
0.2916416 0.6550279 0.0533305 
0.5601827 0.3197104 0.1201069 
0.4326827 0.5673173 
0.0100970 0.2900130 0.6998900 
0.0100970 0.0400880 0.9498151 
0.0265324 0.9734676 

0.4749093 0.5250907 
0.2870440 0.6828695 0.0300865 
0.0500900 0.9499100 
0.0705861 0.7524155 0.1769984 
0.3333333 0.3333333 0.3333333 

0.3333333 0.3333333 0.3333333 
0.1000800 0.8999200 


0.8513894 0.0411280 0.0268608 0.0806218 
0.0400920 0.9599080 
0.8651448 0.0550480 0.0203686 0.0594386 
0.0500900 0.9499100 
0.9327680 0.0251298 0.0421022 
0.1598010 0.8267988 0.0134002 
0.0500850 0.8998301 0.0500850 

0.1231484 0.8768516 
0.9198241 0.0300910 0.0500850 
0.0685381 0.1431823 0.2076304 0.5806491 


0.0500800 0.0100960 0.0100960 0.9297281 
0.0581535 0.0197842 0.0197842 0.9022781 
0.8766979 0.0350126 0.0115571 0.0767324 
0.8514178 0.0816256 0.0236582 0.0432984 
0.0493305 0.0350823 0.9155872 
0.8490210 0.1509790 
0.0440476 0.7775737 0.1783786 
0.2921835 0.5877294 0.1200872 
0.8981713 0.0809271 0.0209016 
0.0359504 0.9640496 
0.1009228 0.8384275 0.0606496 
0.1009228 0.8201114 0.0789658 
0.0218961 0.9781039 
0.0692876 0.8574257 0.0732867 
0.0290535 0.9709465 
0.0144953 0.9831424 0.0023623 

0.0100970 0.9798061 0.0100970 
0.2641385 0.4717230 0.2641385 
0.7859311 0.2140689 


0.0067465 0.9932535 
0.2014409 0.2599735 0.5385856 

0.0243673 0.9756327 
0.9682996 0.0106700 0.0106918 0.0103386 
0.0500710 0.9499290 
0.9611838 0.0190461 0.0197701 
0.1379230 0.8497747 0.0123023 
0.0496812 0.8926626 0.0576563 
0.0100981 0.9899019 
0.1049305 0.8950695 
0.9827524 0.0062925 0.0109551 
0.1998158 0.2360000 0.1980814 0.3661028 
0.1086666 0.8913334 
0.0509557 0.8991676 0.0498768 
0.0543767 0.0569551 0.8330284 0.0556398 
0.1626492 0.0589391 0.7210618 0.0573499 
0.9982566 0.0003714 0.0010752 0.0002969 
0.9489607 0.0106391 0.0202193 0.0201809 
0.0387418 0.0399435 0.9213147 



0.2503636 0.3307098 0.4189266 
0.7009236 0.2990764 


0.0968521 0.9031479 
0.0117924 0.0567826 0.9314250 
0.7763638 0.2236362 

0.0500900 0.9499100 
0.0382224 0.4485475 0.5132301 
0.3333333 0.3333333 0.3333333 

0.3333333 0.3333333 0.3333333 
0.2320571 0.7679429 
0.0002574 0.9997426 

0.8994915 0.0100960 0.0100960 0.0803165 
0.0410064 0.9589936 
0.9016365 0.0410573 0.0439946 0.0133117 
0.0500900 0.9499100 
0.9941022 0.0047584 0.0011394 
0.1156632 0.8731114 0.0112254 
0.0496812 0.8926626 0.0576562 
0.0100980 0.9899020 
0.1057513 0.8942487 
0.9399355 0.0092235 0.0508410 
0.1882922 0.2263240 0.2018659 0.3835180 
0.1023012 0.8976988 
0.0511701 0.8989411 0.0498889 
0.0511915 0.0574021 0.8355664 0.0558401 
0.1527893 0.0599271 0.7292436 0.0580399 
0.9268243 0.0331216 0.0366404 0.0034138 
0.9180441 0.0799826 0.0017449 0.0002284 

0.7709278 0.2290722 
0.0118808 0.4503874 0.5377318 
0.0985235 0.8575500 0.0439265 

0.3169522 0.6830478 
0.0628162 0.6904059 0.2467779 
0.0628162 0.6046520 0.3325318 

0.0362952 0.6205861 0.3431187 
0.3448490 0.6551510 

0.0500900 0.9499100 
0.0356184 0.1293649 0.8350168 
0.0520044 0.1361708 0.8118247 
0.1000800 0.8999200 
0.0520044 0.1361708 0.8118247 

0.0100980 0.9899020 
0.3068746 0.3960430 0.2970825 
0.6405328 0.0100960 0.3392753 0.0100960 
0.0396627 0.9603373 
0.6503426 0.0264193 0.2807444 0.0424936 

0.3343997 0.5825404 0.0830599 
0.5979980 0.3152703 0.0867317 
0.0496812 0.8926626 0.0576562 
0.0100980 0.9899020 
0.1314741 0.8685259 
0.9231979 0.0391896 0.0376124 
0.9318575 0.0216485 0.0234790 0.0230149 

0.0500850 0.8998301 0.0500850 

0.9593292 0.0099879 0.0186796 0.0120034 
0.6569677 0.0076939 0.2996660 0.0356724 
0.3203196 0.0077486 0.6123254 0.0596065 

0.0213987 0.9786013 
0.0109527 0.1074007 0.8816466 
0.3772715 0.6126306 0.0100979 
0.5787913 0.2603293 0.1608794 
0.0538770 0.9461230 
0.9297989 0.0531393 0.0170618 
0.9297989 0.0506158 0.0195853 

0.9783305 0.0115725 0.0100970 
0.0491997 0.9508003 
0.4791064 0.0435055 0.4773881 

0.3965130 0.5811190 0.0223680 

0.0691657 0.9308343 
0.0327275 0.9260323 0.0412402 
0.0778364 0.9221636 
0.0118002 0.9881998 
0.3604613 0.4792268 0.1603119 
0.9677429 0.0101014 0.0101020 0.0120537 
0.0417531 0.9582469 
0.9679162 0.0116652 0.0102093 0.0102093 
0.0500900 0.9499100 
0.9998001 0.0001000 0.0001000 
0.1115525 0.8783378 0.0101097 

0.1400885 0.8599115 
0.1044835 0.8955165 
0.9853477 0.0051261 0.0095263 
0.1948924 0.7136142 0.0644846 0.0270088 
0.1070451 0.8929549 
0.8292194 0.1617761 0.0090045 

0.1138355 0.8666592 0.0097743 0.0097309 
0.9979479 0.0018025 0.0001248 0.0001248 

0.0027691 0.0030484 0.9941826 
0.9295420 0.0704580 
0.0013183 0.9563549 0.0423268 

0.1337627 0.4223689 0.4438684 
0.0433347 0.9566653 
0.8283830 0.1591591 0.0124579 

0.6953248 0.3046752 
0.8666310 0.1299463 0.0034227 
0.0373521 0.9626479 
0.6658001 0.3105245 0.0236755 
0.0500900 0.9499100 
0.0246187 0.0296262 0.9457551 
0.0424465 0.0424465 0.9151071 
0.1000800 0.8999200 
0.0424465 0.0424465 0.9151071 
0.1025678 0.8974322 
0.0043816 0.9956184 
0.1285433 0.7214919 0.1499648 
0.0328712 0.0100960 0.9469369 0.0100960 


0.0499759 0.9500241 
0.0688557 0.8902355 0.0409088 
0.8229077 0.0804926 0.0965996 
0.0496812 0.8926627 0.0576562 
0.0100980 0.9899020 
0.1005905 0.8994095 
0.9948430 0.0010879 0.0040691 
0.9697121 0.0100960 0.0100960 0.0100960 
0.6496672 0.3503328 
0.0500850 0.8998301 0.0500850 
0.3250931 0.0398980 0.5951109 0.0398980 

0.0237336 0.0002471 0.9748241 0.0011952 
0.0116736 0.0009186 0.9842565 0.0031513 

0.0024017 0.9975983 

0.0242210 0.7329857 0.2427933 

0.0152727 0.9847273 
0.0400880 0.9498151 0.0100970 
0.0400880 0.9498151 0.0100970 
0.0033646 0.9966354 

0.0058155 0.9941845 
0.0554839 0.8947750 0.0497412 
0.0500900 0.9499100 
0.0362222 0.1401231 0.8236547 
0.0212720 0.1254659 0.8532621 

0.0212720 0.1254659 0.8532621 
0.1000800 0.8999200 
0.0100980 0.9899020 
0.3068746 0.3960430 0.2970825 

0.0208688 0.9791312 
0.4999000 0.4799080 0.0100960 0.0100960 
0.0500900 0.9499100 
0.0607298 0.0897282 0.8495420 
0.8818662 0.0253849 0.0927489 
0.0500850 0.8998301 0.0500850 

0.9499100 0.0500900 

0.4944697 0.0149957 0.0150126 0.4755220 

0.0500850 0.8998301 0.0500850 
0.0500800 0.0561557 0.8376086 0.0561557 
0.5047578 0.0052552 0.0052552 0.4847318 

0.0019389 0.0019389 0.0874913 0.9086308 
0.0855716 0.9114904 0.0029380 
0.0356894 0.9643106 
0.0115241 0.1189727 0.8695032 
0.0442440 0.3692940 0.5864619 
0.2417119 0.3647833 0.3935048 
0.0212147 0.9787853 
0.1257262 0.8251471 0.0491267 
0.1257262 0.8110059 0.0632679 
0.0498979 0.9501021 
0.0960015 0.8474167 0.0565818 
0.0124932 0.9875068 


0.3951373 0.5144598 0.0904028 
0.0768351 0.6389916 0.2841733 
0.1000800 0.8999200 
0.0768351 0.6389916 0.2841733 
0.1000800 0.8999200 
0.0100980 0.9899020 
0.3068746 0.3960430 0.2970825 
0.0100960 0.0197852 0.0197852 0.9503337 
0.0227691 0.9772309 

0.0500900 0.9499100 
0.9518181 0.0385857 0.0095962 
0.1102492 0.8772862 0.0124646 
0.0496812 0.8926626 0.0576562 
0.0100980 0.9899020 
0.0632768 0.9367232 
0.0988533 0.0000647 0.9010820 
0.5388465 0.0156900 0.0126363 0.4328271 


0.0500800 0.9297281 0.0100960 0.0100960 
0.5507201 0.0057337 0.0057337 0.4378125 


0.0100970 0.0100970 0.9798061 
0.7329612 0.2670388 
0.0394066 0.6835935 0.2769999 
0.0412189 0.0376897 0.9210914 
0.1594799 0.3542649 0.4862552 
0.0546692 0.9453308 
0.0810508 0.8449438 0.0740054 
0.0810508 0.8217886 0.0971606 

0.0480820 0.8592693 0.0926487 
0.0500900 0.9499100 
0.0726187 0.8792993 0.0480820 
0.0500900 0.9499100 
0.0392720 0.1944655 0.7662624 
0.0550221 0.1972783 0.7476996 
0.1000800 0.8999200 
0.0550221 0.1972783 0.7476996 
0.1000800 0.8999200 


0.0604194 0.0473263 0.8229533 0.0693011 
0.0097746 0.9902254 
0.4828975 0.4225027 0.0795397 0.0150601 
0.0029638 0.9970362 



0.0401479 0.9598521 

0.1043547 0.8638298 0.0318155 
0.0326570 0.0382032 0.8560372 0.0731026 
0.0147096 0.9852904 
0.0105372 0.9785493 0.0109135 
0.0073607 0.0114280 0.9693245 0.0118868 
0.0199800 0.0116717 0.9561223 0.0122260 
0.0524412 0.0138179 0.9266786 0.0070624 
0.0005243 0.0273874 0.9696315 0.0024569 
0.0413632 0.8923935 0.0662433 
0.1078744 0.8921256 
0.0144107 0.1774251 0.8081643 
0.0573698 0.4037819 0.5388483 
0.6134991 0.3279221 0.0585788 
0.0100980 0.9899020 
0.7836536 0.1944815 0.0218649 
0.7836536 0.1902178 0.0261287 
0.8258688 0.1741312 
0.8179126 0.1650273 0.0170601 



0.9798061 0.0100970 0.0100970 
0.9151071 0.0424465 0.0424465 
0.1000800 0.8999200 
0.9151071 0.0424465 0.0424465 
0.0778051 0.9221949 
0.0118013 0.9881987 
0.3604978 0.4792654 0.1602367 
0.5318505 0.0146891 0.0154361 0.4380243 

0.5390515 0.4340841 0.0136352 0.0132293 

0.9656362 0.0241486 0.0102151 
0.1533599 0.8336459 0.0129942 
0.0496812 0.8926626 0.0576562 
0.0100980 0.9899020 
0.1232810 0.8767190 
0.9192184 0.0300724 0.0507093 
0.1622318 0.0574548 0.0865186 0.6937948 
0.1000800 0.8999200 
0.0500850 0.8998301 0.0500850 
0.0500800 0.0561557 0.8376086 0.0561557 
0.1493823 0.0585908 0.7334362 0.0585908 
0.5437117 0.4491388 0.0037932 0.0033563 
0.5396373 0.4484943 0.0063800 0.0054883 
0.0076386 0.0088178 0.9835436 
0.9226342 0.0773658 


0.9669910 0.0229121 0.0100970 
0.0546692 0.9453308 
0.2508465 0.6865402 0.0626133 
0.2508465 0.6675126 0.0816409 
0.2000600 0.7999400 
0.2341821 0.6896845 0.0761334 
0.0500900 0.9499100 
0.2484111 0.7111062 0.0404827 

0.0547747 0.8038955 0.1413298 
0.0826529 0.7568017 0.1605455 
0.1000800 0.8999200 
0.0826529 0.7568017 0.1605455 
0.1000800 0.8999200 
0.0002574 0.9997426 

0.8608520 0.0205072 0.0293590 0.0892818 

0.8687499 0.0856410 0.0258118 0.0197973 
0.0500900 0.9499100 
0.9502012 0.0298699 0.0199288 
0.1370210 0.8427176 0.0202614 

0.0020523 0.9979477 
0.1098420 0.8901580 
0.9125083 0.0155954 0.0718963 



0.0137776 0.8962815 0.0490625 0.0408784 
0.0104634 0.8100942 0.0980775 0.0813649 
0.8865587 0.0766640 0.0264075 0.0103698 
0.8621036 0.0898527 0.0288574 0.0191863 
0.0280331 0.0378837 0.9340831 
0.8996791 0.1003209 
0.0460733 0.8185945 0.1353321 
0.2717517 0.6162799 0.1119684 
0.3335430 0.5712714 0.0951856 
0.0100980 0.9899020 
0.9498151 0.0400880 0.0100970 
0.9498151 0.0400880 0.0100970 
0.3661986 0.6338014 


0.1314620 0.6144257 0.2541123 
0.0500900 0.9499100 
0.0322241 0.2971344 0.6706414 
0.0480791 0.2934041 0.6585167 
0.1000800 0.8999200 
0.0480791 0.2934041 0.6585167 
0.1389549 0.8610451 
0.0071222 0.9928778 
0.2131922 0.2506221 0.5361857 
0.9101799 0.0196633 0.0142581 0.0558987 

0.9110595 0.0212337 0.0133297 0.0543770 
0.0539545 0.9460455 
0.9842742 0.0006015 0.0151243 

0.0500850 0.8998301 0.0500850 

0.0018953 0.9981047 
0.9480039 0.0021058 0.0498903 
0.1564808 0.1379483 0.2004332 0.5051377 
0.1005679 0.8994321 

0.0503241 0.0101250 0.0101059 0.9294450 
0.1501298 0.0188652 0.0188240 0.8121809 
0.9379625 0.0107957 0.0034006 0.0478412 
0.9204763 0.0582608 0.0041723 0.0170906 
0.0383677 0.0276361 0.9339961 
0.3739619 0.6260381 
0.0064546 0.2875776 0.7059678 

0.0819260 0.2764379 0.6416360 
0.0509775 0.9490225 
0.2222873 0.7155571 0.0621556 
0.2222873 0.6966953 0.0810174 
0.1661109 0.8338891 
0.2027671 0.7217630 0.0754699 
0.0459412 0.9540588 
0.2034767 0.7563047 0.0402187 
0.0500900 0.9499100 
0.0265933 0.1821391 0.7912676 

0.1602016 0.8397984 
0.0621307 0.0959037 0.8419656 
0.2056065 0.7943935 
0.0060001 0.9939999 
0.1784612 0.4166085 0.4049304 
0.0100960 0.0100960 0.0100960 0.9697121 
0.6520569 0.3479431 
0.0315127 0.9482953 0.0100960 0.0100960 
0.0500900 0.9499100 
0.9518181 0.0385857 0.0095962 
0.1688978 0.8161674 0.0149349 
0.0496812 0.8926626 0.0576562 
0.0100980 0.9899020 
0.1292964 0.8707036 
0.9319080 0.0363141 0.0317779 
0.0551904 0.0987271 0.1327644 0.7133181 
0.0377885 0.9622115 


0.0357529 0.0282414 0.9240037 0.0120020 



0.3960218 0.6039782 
0.0012080 0.1639031 0.8348889 
0.0261449 0.5458346 0.4280205 

0.0546692 0.9453308 
0.2508465 0.6865402 0.0626133 
0.2508465 0.6675126 0.0816409 
0.2000600 0.7999400 
0.2341821 0.6896845 0.0761334 
0.0500900 0.9499100 
0.2484111 0.7111062 0.0404827 
0.0500900 0.9499100 
0.0655436 0.6625674 0.2718890 
0.0767203 0.6366675 0.2866122 
0.1000800 0.8999200 
0.0767203 0.6366675 0.2866122 
0.1000800 0.8999200 

0.3000100 0.3999800 0.3000100 
0.9466922 0.0108318 0.0108734 0.0316027 

0.9467193 0.0306952 0.0113073 0.0112783 
0.0519478 0.9480522 

0.0100970 0.9798061 0.0100970 
0.0496892 0.8928047 0.0575061 
0.0098978 0.9901022 

0.9433166 0.0020432 0.0546402 
0.9416079 0.0139644 0.0153806 0.0290472 



0.9702706 0.0100926 0.0098413 0.0097955 
0.9760113 0.0214911 0.0012639 0.0012337 
0.9657497 0.0319566 0.0011488 0.0011449 
0.0111501 0.0112336 0.9776163 
0.7296723 0.2703277 
0.0392751 0.6809303 0.2797946 
0.2406871 0.5770794 0.1822335 
0.4586062 0.2940793 0.2473146 
0.0546692 0.9453308 
0.9297746 0.0531636 0.0170618 
0.9297746 0.0506401 0.0195853 

0.9783038 0.0115992 0.0100970 
0.0500900 0.9499100 

0.0500900 0.9499100 
0.0382534 0.1763152 0.7854314 
0.0541807 0.1802413 0.7655780 
0.1000800 0.8999200 
0.0541807 0.1802413 0.7655780 
0.1000800 0.8999200 
0.0002574 0.9997426 


0.0059394 0.9940606 
0.4942131 0.4448822 0.0470008 0.0139040 
0.0500900 0.9499100 
0.0951053 0.8622388 0.0426559 
0.1436853 0.0100970 0.8462178 
0.0500094 0.8984888 0.0515017 
0.0018896 0.9981104 

0.0750028 0.9186268 0.0063704 
0.0129229 0.0270351 0.9100085 0.0500335 
0.1000800 0.8999200 
0.0500850 0.8998301 0.0500850 


0.0356814 0.0045705 0.9545998 0.0051483 
0.0348828 0.0056516 0.9532184 0.0062472 
0.0017063 0.9607959 0.0374978 
0.0837646 0.9162354 
0.0134466 0.1579020 0.8286515 
0.0207166 0.0172523 0.9620312 
0.0702080 0.3996642 0.5301279 
0.0100980 0.9899020 



0.9893741 0.0004303 0.0101956 

0.9498151 0.0400880 0.0100970 
0.0500900 0.9499100 
0.0590421 0.5467262 0.3942317 
0.0713506 0.5279318 0.4007175 
0.1000800 0.8999200 
0.0713506 0.5279318 0.4007175 
0.1000800 0.8999200 
0.0100980 0.9899020 
0.3068746 0.3960430 0.2970825 
0.1831837 0.0476604 0.1958221 0.5733338 
0.3452096 0.6547904 

0.0500900 0.9499100 
0.7524358 0.2064297 0.0411345 
0.3568752 0.6254660 0.0176588 


0.1399638 0.8600362 
0.6912420 0.2367580 0.0720000 
0.0796394 0.1524365 0.3027153 0.4652088 
0.0425312 0.9574688 
0.0665176 0.8815194 0.0519631 
0.0212826 0.0776686 0.8411251 0.0599238 
0.0596771 0.0884118 0.7849384 0.0669728 
0.1803718 0.5907870 0.2077256 0.0211155 
0.1844331 0.5828150 0.2030176 0.0297344 
0.0426413 0.1971656 0.7601931 
0.5757959 0.4242041 
0.0331219 0.5563278 0.4105503 
0.6524019 0.3170147 0.0305834 
0.7226585 0.1370795 0.1402621 
0.0152727 0.9847273 
0.0400880 0.9498151 0.0100970 
0.0400880 0.9498151 0.0100970 
0.0033646 0.9966354 

0.0058155 0.9941845 
0.0554839 0.8947750 0.0497412 
0.0500900 0.9499100 
0.0296262 0.9602768 0.0100970 
0.0424465 0.9151071 0.0424465 
0.1000800 0.8999200 
0.0424465 0.9151071 0.0424465 

0.0128342 0.9871658 
0.3929539 0.5071343 0.0999118 
0.9693891 0.0100966 0.0100967 0.0104176 
0.0400920 0.9599080 
0.9693894 0.0102111 0.0101997 0.0101997 

0.9998001 0.0000999 0.0000999 
0.0102572 0.9796457 0.0100970 
0.0496888 0.8927986 0.0575126 
0.0099065 0.9900935 

0.9441947 0.0020450 0.0537603 
0.9697121 0.0100960 0.0100960 0.0100960 
0.6496672 0.3503328 
0.0500850 0.8998301 0.0500850 
0.3250931 0.0398980 0.5951109 0.0398980 

0.9996634 0.0001199 0.0001084 0.0001084 

0.0019667 0.0024176 0.9956157 
0.9128049 0.0871951 

0.0890714 0.8540890 0.0568396 
0.4712210 0.4156105 0.1131686 
0.0250593 0.9749407 

0.0412962 0.9213173 0.0373865 

0.0022855 0.9686743 0.0290402 
0.0168139 0.9831861 
0.0345515 0.9532096 0.0122389 
0.0500900 0.9499100 
0.0757490 0.6888160 0.2354350 
0.2986122 0.3993229 0.3020649 
0.7485995 0.2514005 

0.0894127 0.9105873 
0.0002574 0.9997426 

0.5787535 0.2443892 0.0503219 0.1265354 
0.0392909 0.9607091 

0.0500950 0.9499050 
0.7131829 0.0267224 0.2600946 
0.2812094 0.7002082 0.0185823 
0.0496812 0.8926628 0.0576560 
0.0100978 0.9899022 
0.1064460 0.8935540 
0.8957948 0.0120450 0.0921602 
0.1411710 0.2012876 0.2236342 0.4339071 
0.1008933 0.8991067 
0.0006037 0.9987926 0.0006037 

0.1040137 0.0098942 0.8479954 0.0380967 
0.5925885 0.0200701 0.0386551 0.3486862 
0.5881535 0.1135632 0.0210704 0.2772129 
0.2494894 0.0477124 0.7027982 
0.7012602 0.2987398 
0.0498103 0.7093560 0.2408337 

0.1000700 0.8498450 0.0500850 
0.0176387 0.9823613 
0.0527452 0.9340039 0.0132509 

0.0151773 0.9848227 
0.0140640 0.9813638 0.0045722 
0.0084744 0.9915256 
0.0670703 0.8837446 0.0491851 

0.3368973 0.4289765 0.2341262 

0.6438827 0.3561173 

0.1073700 0.8926300 
0.0003432 0.9996568 

0.9678411 0.0101169 0.0101169 0.0119251 
0.0412295 0.9587705 
0.9680052 0.0115680 0.0102134 0.0102134 
0.0500900 0.9499100 
0.9998001 0.0001000 0.0001000 
0.1120432 0.8778496 0.0101071 
0.0496812 0.8926626 0.0576562 
0.0100980 0.9899020 
0.1049890 0.8950110 
0.9819827 0.0064069 0.0116104 
0.2338429 0.6661759 0.0648443 0.0351368 
0.1067215 0.8932785 

0.0534034 0.9269173 0.0098583 0.0098210 
0.1597373 0.8040230 0.0181601 0.0180795 
0.9980502 0.0016861 0.0001318 0.0001318 

0.0112002 0.0112002 0.9775995 
0.1922867 0.8077133 
0.0244362 0.2028174 0.7727463 
0.0661156 0.4133382 0.5205463 
0.0854507 0.1355265 0.7790227 
0.0212147 0.9787853 
0.1257262 0.8251471 0.0491267 
0.1257262 0.8110059 0.0632679 
0.0498979 0.9501021 
0.0960015 0.8474167 0.0565818 
0.0124932 0.9875068 

0.0500900 0.9499100 
0.2257710 0.7538673 0.0203617 
0.2226395 0.7253404 0.0520201 
0.1000800 0.8999200 
0.2226395 0.7253404 0.0520201 
0.0520533 0.9479467 
0.0127291 0.9872709 
0.3896709 0.5119433 0.0983858 
0.4844734 0.0132843 0.2619294 0.2403129 
0.0329588 0.9670412 
0.4844734 0.0155266 0.4849601 0.0150399 
0.0518493 0.9481507 
0.0592825 0.9017788 0.0389387 
0.9097866 0.0795782 0.0106352 
0.0496812 0.8926626 0.0576562 
0.0100980 0.9899020 



0.5050271 0.4949729 
0.0602063 0.8979901 0.0418036 
0.2527153 0.0564940 0.6567332 0.0340576 
0.7760711 0.0302765 0.1904833 0.0031691 
0.4943408 0.0056592 0.4948480 0.0051520 

0.0065707 0.5189887 0.4744406 

0.2064869 0.7825424 0.0109706 

0.4379597 0.4586881 0.1033522 
0.0149811 0.9850189 
0.0400880 0.9498151 0.0100970 
0.0400880 0.9498151 0.0100970 
0.0029070 0.9970930 

0.0054878 0.9945122 
0.0480144 0.9494682 0.0025174 
0.0500900 0.9499100 
0.0298304 0.6118925 0.3582771 
0.0443454 0.5884708 0.3671838 
0.1000800 0.8999200 
0.0443454 0.5884708 0.3671838 
0.0839638 0.9160362 
0.0009363 0.9990637 
0.0189264 0.1236628 0.8574108 
0.8351669 0.0100960 0.0100960 0.1446412 
0.0385811 0.9614189 

0.0500900 0.9499100 
0.9636308 0.0337379 0.0026313 
0.1511668 0.8355421 0.0132912 
0.0496812 0.8926626 0.0576562 
0.0100980 0.9899020 
0.1166545 0.8833455 
0.8501136 0.0257652 0.1241212 
0.9066758 0.0212181 0.0290888 0.0430173 


0.0500800 0.0100960 0.0100960 0.9297281 
0.9331673 0.0097155 0.0476792 0.0094380 
0.8597926 0.0100692 0.1290765 0.0010616 
0.8597324 0.1073620 0.0326307 0.0002749 

0.5371633 0.4628367 
0.0021760 0.6257007 0.3721232 


0.3859317 0.6140683 
0.0398718 0.3390537 0.6210746 

0.0479935 0.9520065 
0.0289626 0.0852970 0.8857404 
0.4223696 0.5776304 
0.2822661 0.6863617 0.0313722 


0.0429894 0.5622778 0.3947328 
0.1000800 0.8999200 
0.0429894 0.5622778 0.3947328 
0.0957982 0.9042018 
0.0104220 0.9895780 
0.3170734 0.4118429 0.2710837 
0.6536636 0.1574909 0.0814392 0.1074063 
0.0450298 0.9549702 
0.7225826 0.1082903 0.0510785 0.1180486 

0.6732222 0.1207053 0.2060725 


0.1599225 0.8400775 
0.7420501 0.2579499 
0.7742937 0.1429362 0.0827701 
0.0105686 0.1150617 0.1872940 0.6870758 
0.0172451 0.9827549 
0.0160832 0.2889524 0.6949643 
0.0086294 0.0096764 0.1443310 0.8373632 

0.6706511 0.0401345 0.0431003 0.2461141 
0.5916834 0.1035123 0.1044468 0.2003575 
0.1894758 0.1190500 0.6914742 
0.5599481 0.4400519 
0.0006222 0.5956856 0.4036923 
0.2139908 0.5577211 0.2282882 
0.4400533 0.3121789 0.2477678 
0.0478012 0.9521988 

0.9498151 0.0400880 0.0100970 
0.8357573 0.1642427 

0.0423716 0.9576284 
0.8040371 0.1793672 0.0165956 
0.0500900 0.9499100 
0.0662997 0.6760410 0.2576593 
0.0488764 0.6844549 0.2666687 

0.0488764 0.6844549 0.2666687 
0.1000800 0.8999200 
0.0100980 0.9899020 
0.3068746 0.3960430 0.2970825 
0.8545246 0.0100960 0.0100960 0.1252835 
0.0582920 0.9417080 
0.8546478 0.0571199 0.0115558 0.0766765 
0.0503777 0.9496223 
0.9994247 0.0000712 0.0005041 

0.0497068 0.8931179 0.0571752 
0.0094565 0.9905435 
0.0011628 0.9988372 
0.9274507 0.0003121 0.0722371 

0.0038567 0.9961433 
0.0090045 0.1617761 0.8292194 

0.0019750 0.0003216 0.0087416 0.9889618 
0.8799650 0.0490430 0.0015224 0.0694696 
0.8728525 0.1269717 0.0000894 0.0000864 

0.7475698 0.2524302 
0.0399908 0.6954229 0.2645863 
0.6394040 0.3031352 0.0574608 
0.7093514 0.1374536 0.1531950 
0.0100980 0.9899020 

0.9419286 0.0477679 0.0103035 
0.9813016 0.0186984 
0.9913382 0.0084420 0.0002198 


0.0500900 0.9499100 
0.0246187 0.0296262 0.9457551 
0.3333333 0.3333333 0.3333333 

0.3333333 0.3333333 0.3333333 
0.1605189 0.8394811 
0.0054757 0.9945243 
0.1613611 0.1702095 0.6684294 
0.9034298 0.0367488 0.0382931 0.0215283 
0.0400457 0.9599543 
0.9053914 0.0217745 0.0358396 0.0369945 
0.0500852 0.9499148 
0.8922231 0.0517403 0.0560366 
0.2000244 0.7831185 0.0168571 

0.0021498 0.9978502 
0.1241582 0.8758418 
0.9204054 0.0311565 0.0484381 
0.9407466 0.0217318 0.0159263 0.0215952 

0.0500850 0.8998301 0.0500850 
0.0500800 0.0561557 0.8376086 0.0561557 
0.9685920 0.0100843 0.0106180 0.0107057 
0.9309283 0.0109023 0.0284467 0.0297227 
0.8659995 0.0209486 0.0554874 0.0575644 
0.0834292 0.0856118 0.8309590 
0.1178199 0.8821801 

0.3000400 0.6898620 0.0100980 
